20
12 Jacob 25 3500 1500 2000 2500 3000 3500 4000 4500
2 Anne 30 3000 2000 2500 3000 3500 4000 4500 5000
13 Terence 22 3000 1000 1500 2000 2500 3000 3500 4000
4 Euclid 28 5000 2500 3000 4500 4000 4500 5000 5500
5 Ramesh 35 4500 1200 1800 2300 2800 3300 3800 4300
6 Oleander 27 4300 1800 2300 2800 3300 3800 4300 4800
7 Misheal 32 5000 800 1500 2000 2500 3000 3500 4000
8 Celery 26 5100 2200 2700 3200 3700 4200 4700 5200
9 Thomas 29 3000 1500 2000 2500 3000 3500 4000 4500
10 Enigma 31 5500 2000 2500 3000 3500 4000 4500 5000
11 Jessica 23 5200 1200 1800 2300 2800 3300 3800 4300
1 Milli 33 5200 2500 3000 3500 4000 4500 5000 5500
3 Alexander 2500 70 800 1500 2000 2500 3000 3500 4000
14 Sohail 2200 110 1800 2300 2800 3300 3800 4300 4800
15 Leander 30 3800 1200 1800 2300 2800 3300 3800 4300
16 Charlie 3900 130 2200 2700 3200 3700 4200 4700 5200
17 Nomination 32 4000 1500 2000 2500 5000 3500 4000 4500
18 Amelia 29 4400 2000 2500 3000 3500 4000 4500 5000
19 Aiden 24 3200 1200 1800 2300 2800 3300 3800 4300
20 Sofisticater 31 6000 2500 3000 3500 1000 4500 5000 5500
5
1 GroupA 10000 1 4 6 0 0
2 GroupB 250000 2 5 7 19 11
3 GroupC 20000 13 14 16 18 20
4 GroupD 18000 12 15 17 9 3
5 GroupE 22000 6 8 1 0 0